L1: 572.5282949946236
L2: 191.04547162619443
L3: 135.75499559063618
DRAM: 32.59156605800054
FP: 95.44944968545302