L1: 6801.863346766384
L2: 2053.6752197441783
L3: 1814.4793356562109
DRAM: 525.8598766693384
FP: 1144.8479357978094
