L1: 2290.35148422179
L2: 731.4452817427181
L3: 516.3597832206207
DRAM: 56.28485876612205
FP: 381.81414057235776 