L1: 4532.061848494831
L2: 1473.707793073217
L3: 1084.1916845597423
DRAM: 202.63791122680618
FP: 763.555164740594