L1: 2288.2278188497867
L2: 1653.4820930270357
L3: 1474.8516840866707
DRAM: 579.6869771930624
FP: 190.69203823600043
