L1: 1145.460842289357
L2: 382.200133712181
L3: 260.37339479641025
DRAM: 34.23329828570895
FP: 190.91398734516625
