L1: 71.58538268639369
L2: 58.91077030000937
L3: 47.47167952050279
DRAM: 19.109786527499825
FP: 5.965477038398178
