L1: 2280.196178278136
L2: 1604.4331067237838
L3: 1256.2987153304164
DRAM: 621.4405073698449
FP: 190.03886082380015
