L1: 283.98156552237316
L2: 95.51897924528463
L3: 68.8825425393589
DRAM: 18.867945047345785
FP: 47.7173449021653