L1: 181.6945293097839
L2: 100.77368173723343
L3: 79.15818337242496
DRAM: 14.673549788450543
FP: 18.11435274994078
