L1: 354.6020678470767
L2: 190.6984665817005
L3: 136.04687320096838
DRAM: 14.310539276532886
FP: 35.473657395642526
