L1: 5850.948805063418
L2: 1682.5021053869505
L3: 1459.6723432136373
DRAM: 11.305027893718734
FP: 1022.9266859755926