L1: 4221.844671625462
L2: 1225.7737167444043
L3: 1083.9307325569566
DRAM: 20.803447092404628
FP: 733.132246896341 