L1: 1163.4253632875468
L2: 385.2974193985828
L3: 255.63111710310426
DRAM: 12.233344865050318
FP: 193.93257757863464 