L1: 4234.414581966758
L2: 1390.7395108610367
L3: 1038.1697224194916
DRAM: 12.096602377726985
FP: 728.8222590346811 