L1: 5831.314373772718
L2: 1936.0756196136165
L3: 1482.9628839192885
DRAM: 11.517006326984621
FP: 1015.8461946005681