L1: 301.0781117721029
L2: 99.55988562159224
L3: 66.77444608909836
DRAM: 10.639031023933546
FP: 50.188303525777414
