L1: 2286.284478872
L2: 748.3087232796155
L3: 559.5073813844512
DRAM: 12.046424873288105
FP: 377.5133056997778
