L1: 596.213782225477
L2: 192.5381245358138
L3: 129.40527254957928
DRAM: 12.253597880570014
FP: 99.94296878020758