L1: 1624.0987460970841
L2: 293.83857873427615
L3: 193.22736550861617
DRAM: 10.347245986062454
FP: 321.9748045424366
