L1: 5090.92994746992
L2: 588.4247580270592
L3: 290.34116314663805
DRAM: 23.719991170751115
FP: 584.3874641708586
