L1: 693.812303236038
L2: 175.09568061085324
L3: 70.08486430773101
DRAM: 21.060288169208782
FP: 81.49097714607892
