L1: 12193.616729241645
L2: 2861.500801475414
L3: 2184.6548768927746
DRAM: 9.560992793263404
FP: 2706.200596360004
