L1: 5355.822494380686
L2: 705.7629105988608
L3: 332.3703639616602
DRAM: 3.6067844003901914
FP: 1072.6737726702502
