L1: 586.6188859268058
L2: 323.09158670818
L3: 180.23393971210285
DRAM: 13.616169275116615
FP: 60.4920912966114
