L1: 92.34312667676782
L2: 51.853445856396625
L3: 39.292953319035576
DRAM: 12.289596412546473
FP: 9.131336666387766
