L1: 411.81047213886745
L2: 95.62072537015493
L3: 23.266499144259527
DRAM: 4.7907690167227885
FP: 87.65989903563845
