L1: 233.4013768444183
L2: 138.16365726650216
L3: 83.72251302855146
DRAM: 16.81569742608239
FP: 14.429492674569143
