L1: 117.73277419575052
L2: 69.37958012239613
L3: 43.059257026548195
DRAM: 16.029885653251757
FP: 7.295827776563988
