L1: 340.83424658881364
L2: 177.5475130823417
L3: 124.12135432722944
DRAM: 15.366190007690289
FP: 21.285753614290655
