L1: 231.71600079630574
L2: 125.88060314423525
L3: 87.21957571773935
DRAM: 15.914667467184874
FP: 14.394207778556131
