L1: 341.6601843774844
L2: 195.76763770361214
L3: 120.16864292393736
DRAM: 16.35138696652746
FP: 21.27070293649742
