L1: 61.6816898420943
L2: 36.67505900627919
L3: 22.642233969658786
DRAM: 10.770691429331144
FP: 3.8269193751473884
