L1: 5112.305510050774
L2: 1071.3298674708412
L3: 288.68143200339426
DRAM: 23.58640685726807
FP: 600.8181191596592
