L1: 2718.6044114380525
L2: 629.2695351353968
L3: 198.18300165268823
DRAM: 24.498366864980678
FP: 323.2622445303697
