L1: 1387.5734803372907
L2: 349.2333666117341
L3: 139.65942270268195
DRAM: 23.915088150498374
FP: 162.97253654963575
