L1: 7626.7538432789
L2: 1081.0939353948272
L3: 564.5367222990775
DRAM: 7.087243186528633
FP: 1579.945150826602
