L1: 1584.2212723608802
L2: 363.9599687483139
L3: 96.68672544590885
DRAM: 4.41382716192061
FP: 335.80249008828906
