L1: 12547.457534894285
L2: 1361.8557051019136
L3: 755.1674590742565
DRAM: 7.742029003972651
FP: 2711.7860053651057
