L1: 10200.842651125573
L2: 1053.9902852121656
L3: 541.5877663699065
DRAM: 5.681369978383025
FP: 2037.8891693425053
