L1: 3059.3026992101004
L2: 709.2792626287334
L3: 184.0887394360748
DRAM: 4.15945978171887
FP: 620.1928924703822
