L1: 7065.7304386251035
L2: 1422.832530296278
L3: 463.79551899207917
DRAM: 3.647818009165413
FP: 1400.7985357137889
