L1: 9825.111467885772
L2: 2142.710638986202
L3: 1178.597078724559
DRAM: 5.691338330299668
FP: 2034.533411438139
