L1: 10661.365197330168
L2: 1350.721491957796
L3: 849.3425687161059
DRAM: 8.861287971623174
FP: 2150.43618005173
