L1: 411.84703892846414
L2: 95.79247082365254
L3: 23.276664598245286
DRAM: 4.804115020084944
FP: 87.6000299136216
