L1: 60.17405038647638
L2: 38.564546972875426
L3: 24.3971119516825
DRAM: 12.298895147763742
FP: 6.723296535211101
