L1: 9213.959087775653
L2: 2146.510844696053
L3: 2019.5920921433512
DRAM: 109.31686968195554
FP: 1889.0131236591355 