L1: 12287.670204608605
L2: 2840.4891361362615
L3: 2603.835587254699
DRAM: 109.54549123386131
FP: 2519.3468101587227 