L1: 18433.23921370795
L2: 4274.447708093563
L3: 4117.1253685380725
DRAM: 74.43912232699498
FP: 3782.0102730724425