L1: 3056.93780474281
L2: 717.7169913856627
L3: 271.31287383896114
DRAM: 68.68303239779004
FP: 627.270501383302
