L1: 6146.703885043144
L2: 1429.3710059265811
L3: 1139.2841063215567
DRAM: 80.52153041706774
FP: 1258.2140954200836
