L1: 1526.6418066664116
L2: 363.9831040742567
L3: 97.98181675637503
DRAM: 52.42995141157659
FP: 313.30198780214835
