L1: 763.0433721477673
L2: 181.7770629106032
L3: 49.21338593852522
DRAM: 29.573663239845228
FP: 156.5643304804865