L1: 3294.8732348739672
L2: 2017.3891481393603
L3: 1750.9157701392485
DRAM: 43.44570069611375
FP: 373.8348003621146
