L1: 385.20622835769797
L2: 91.54383621363431
L3: 24.331205061724123
DRAM: 13.401415460644444
FP: 78.913570567674