L1: 816.2491219951011
L2: 190.45267090141587
L3: 46.26823470308297
DRAM: 4.746658295509518
FP: 173.6511820358386
