L1: 5433.334177981883
L2: 1182.937784378933
L3: 343.50742817565737
DRAM: 3.855408217211132
FP: 1064.9429513766374
