L1: 1715.4782150785245
L2: 359.173486051092
L3: 192.67485210109413
DRAM: 13.132416961072556
FP: 323.60809330487706
