L1: 1236.17376453111
L2: 247.63862304892317
L3: 166.32643235193163
DRAM: 12.485879712038393
FP: 240.94004689902428
