L1: 1257.3416883892278
L2: 268.6500304837125
L3: 161.99114071213756
DRAM: 13.390592797156511
FP: 242.26448235436123
