L1: 723.6364176416275
L2: 178.42641232081218
L3: 83.24950872563811
DRAM: 10.75881101384398
FP: 135.72533373917867
