L1: 361.9161166323903
L2: 95.6826403752674
L3: 42.884679447479684
DRAM: 8.38717780197761
FP: 67.91765134945746
