L1: 1204.1096920757434
L2: 234.109832981151
L3: 151.3395244406974
DRAM: 7.0636338824180305
FP: 230.30497913526142
