L1: 1657.9323838887128
L2: 373.751615774138
L3: 191.77590139422543
DRAM: 10.656818784759045
FP: 335.6971539523518
