L1: 357.36318158132457
L2: 89.42456999127027
L3: 41.51767754895802
DRAM: 8.955213182244044
FP: 64.2357316606169
