L1: 1211.8563421962644
L2: 287.92182340074095
L3: 160.17597711653372
DRAM: 11.14020202219869
FP: 226.84176258619755
