L1: 621.7417339776193
L2: 145.37214286455014
L3: 81.02439919777387
DRAM: 10.13113394507585
FP: 115.0316764691141
