L1: 1564.5038234841757
L2: 267.38059358638156
L3: 156.66210201933492
DRAM: 10.31735864144273
FP: 340.25119221871364
