L1: 12982.76154784463
L2: 1362.2316275471867
L3: 758.5016837539961
DRAM: 40.387106375879114
FP: 2699.8840937801992
