L1: 9636.846963310927
L2: 2113.0694609012708
L3: 1165.4506953097382
DRAM: 5.666991445421256
FP: 2032.5316266853183
