L1: 7014.484694915034
L2: 676.1115559541109
L3: 344.47145852664397
DRAM: 3.4372142527981033
FP: 1401.3980099714647
